,ur,eta_max,xi_max
0,1.0,0.00010859678338995954,0.00900574164618661
1,1.1,0.00011200334981297314,0.009593217655929269
2,1.2000000000000002,0.00011422022412822808,0.010027055418644178
3,1.3000000000000003,0.00011576289889653549,0.010344302272558618
4,1.4000000000000004,0.00011694898085579108,0.010575908852386866
5,1.5000000000000004,0.00011775156902444489,0.010745459583480539
6,1.6000000000000005,0.00011830565714928548,0.0108718451915948
7,1.7000000000000006,0.00011874966086189431,0.010965284347926707
8,1.8000000000000007,0.00011918271478820325,0.011036369547893584
9,1.9000000000000008,0.00011945821916948401,0.011089422593613457
10,2.000000000000001,0.00011961485433550911,0.011131890636501683
11,2.100000000000001,0.00011983056027457806,0.011163560910229263
12,2.200000000000001,0.00011999274288013173,0.01118921237251544
13,2.300000000000001,0.00012012688549326023,0.011209177952916366
14,2.4000000000000012,0.00012024846255140331,0.011224737775717801
15,2.5000000000000013,0.00012043226570337962,0.01123706901198951
16,2.6000000000000014,0.00012067805973364765,0.01124754766346419
17,2.7000000000000015,0.00012075164977613795,0.011256598193471586
18,2.8000000000000016,0.00012087690079812252,0.011263439491836506
19,2.9000000000000017,0.00012108224824633473,0.01126879996997707
20,3.0000000000000018,0.00012116628035654942,0.01127330736043605
21,3.100000000000002,0.00012138539067316212,0.011277195376843074
22,3.200000000000002,0.00012167817599861852,0.011281176093249927
23,3.300000000000002,0.0001219755521452981,0.011284398815980546
24,3.400000000000002,0.000122172995707992,0.011287045591044424
25,3.500000000000002,0.00012262019269815294,0.011289136033606083
26,3.6000000000000023,0.00012303765557825086,0.011290871027199651
27,3.7000000000000024,0.000123542421984979,0.011292516548110039
28,3.8000000000000025,0.00012388324737688805,0.011294054331432504
29,3.9000000000000026,0.00012443950675489202,0.011295459479012736
30,4.000000000000003,0.00012518331138039462,0.011296701124431978
31,4.100000000000003,0.00012605287515815577,0.011297850364510871
32,4.200000000000003,0.0001270124862099986,0.01129893996745279
33,4.3000000000000025,0.0001283153203592291,0.011300017540323608
34,4.400000000000003,0.00012972778833836296,0.011301893046783387
35,4.5000000000000036,0.00013160975775694528,0.011303938340311646
36,4.600000000000003,0.00013374703093438356,0.011306040477677786
37,4.700000000000003,0.00013659819731998146,0.0113082475588204
38,4.800000000000003,0.0001403700449617573,0.011310507544385322
39,4.900000000000004,0.0001451861201465232,0.011312873013938175
40,5.0000000000000036,0.00015115431386991673,0.011315397280952932
41,5.100000000000003,0.00015909037503408774,0.01131807031170219
42,5.200000000000004,0.00016928534286780872,0.011320863519975178
43,5.300000000000004,0.00018276759414304067,0.011323822414824714
44,5.400000000000004,0.00019990597325392212,0.011326970743083944
45,5.5000000000000036,0.0002217298653260924,0.011330303217675567
46,5.600000000000004,0.00024956418512855905,0.01133379584262778
47,5.700000000000005,0.0002843632597770984,0.011337465978488774
48,5.800000000000004,0.0003277585107043235,0.011341316101880463
49,5.900000000000004,0.0003813962691608941,0.011345310714903162
50,6.000000000000004,0.0004468413120580772,0.011349779630694608
51,6.100000000000005,0.0005260689650087302,0.011355175602067792
52,6.200000000000005,0.0006212553922659847,0.01136072180421448
53,6.300000000000004,0.0007342538472951965,0.011366382346532969
54,6.400000000000005,0.0008676672568225241,0.011372139290561033
55,6.500000000000005,0.0010325419269385794,0.011377984564157026
56,6.600000000000005,0.00122591663082261,0.011383880261543642
57,6.700000000000005,0.0014489227376615066,0.011389793366860827
58,6.800000000000005,0.001704706447576032,0.011395741328019338
59,6.900000000000006,0.0019957873478350097,0.011401661600784277
60,7.000000000000005,0.0023251598217366443,0.011407444732658848
61,7.100000000000005,0.0026955157052722667,0.011413126095843839
62,7.2000000000000055,0.0031096156181307233,0.011418661693711
63,7.300000000000006,0.003570158580186389,0.01142403006464705
64,7.400000000000006,0.004079511088402876,0.01142915721966255
65,7.500000000000005,0.00464045171036731,0.011433995420843442
66,7.600000000000006,0.005254938854312385,0.011438572127673135
67,7.700000000000006,0.0059252353288654636,0.011442821039242858
68,7.800000000000006,0.006653530849088929,0.011446610523473177
69,7.900000000000006,0.007441618949068474,0.011450043721564966
70,8.000000000000007,0.008291099788492184,0.011453007141344165
71,8.100000000000007,0.009203600077968499,0.011455536135748682
72,8.200000000000006,0.010180237358070388,0.01145751342772134
73,8.300000000000006,0.011222332556591441,0.011458953039780654
74,8.400000000000006,0.012330883325469388,0.011459813864060128
75,8.500000000000007,0.013506302070338538,0.011460075561411128
76,8.600000000000007,0.014749455425078883,0.011459710142920852
77,8.700000000000006,0.01606083988982787,0.011458691826845559
78,8.800000000000008,0.017440089470124542,0.011457000289097793
79,8.900000000000007,0.018887833799700937,0.011456686137764382
80,9.000000000000007,0.020403730445009316,0.01145652216274338
81,9.100000000000007,0.021987392798761496,0.011455673649393133
82,9.200000000000006,0.023638608401923777,0.01145413559865577
83,9.300000000000008,0.025356528416838886,0.01145187548220662
84,9.400000000000007,0.027140605667834494,0.01144889803930854
85,9.500000000000007,0.02898970571089099,0.011445171396642853
86,9.600000000000009,0.03090333558245084,0.011440713062976818
87,9.700000000000008,0.03287994834719665,0.011435514829780674
88,9.800000000000008,0.034918674785908044,0.011429538028346568
89,9.900000000000007,0.03701799875756118,0.011422835821322003
90,10.000000000000007,0.039176757593411216,0.011415374174582157
91,10.100000000000009,0.04139342117830758,0.011407151338172668
92,10.200000000000008,0.043666538471798244,0.01139818468463079
93,10.300000000000008,0.04599446897849857,0.01138850469799104
94,10.40000000000001,0.04837563243181808,0.011378053309469435
95,10.500000000000009,0.05080838194473003,0.011366882818237847
96,10.600000000000009,0.053290993515165086,0.011354979520112704
97,10.700000000000008,0.055821788408074724,0.011342379072824135
98,10.800000000000008,0.05839897109822534,0.011331140194461565
99,10.90000000000001,0.061020806510344805,0.011324028644725165
100,11.000000000000009,0.06368544614563998,0.011332197920131758
101,11.100000000000009,0.0663910897017066,0.011351548487956973
102,11.20000000000001,0.06913607068154115,0.011371345699466375
103,11.30000000000001,0.07191840534389504,0.011391593798916938
104,11.40000000000001,0.0747364644551265,0.011412262320413646
105,11.500000000000009,0.07758848285188047,0.011433343435219127
106,11.600000000000009,0.08047244530976583,0.011454785231137462
107,11.70000000000001,0.08338689966720425,0.011476594621808814
108,11.80000000000001,0.08632999322663837,0.011498774252348657
109,11.90000000000001,0.08930018716181909,0.011521267158979347
110,12.00000000000001,0.0922954202169799,0.011544084556799337
111,12.10000000000001,0.09531438700988826,0.011567203708757483
112,12.20000000000001,0.09835529624495365,0.011590605171991814
113,12.30000000000001,0.10141664474763346,0.011614267510304173
114,12.40000000000001,0.10449651425118889,0.011639646510482023
115,12.50000000000001,0.10759396357356987,0.011666154030410918
116,12.60000000000001,0.11070719431775311,0.011692859104487661
117,12.70000000000001,0.11383480237883559,0.011719740531296072
118,12.800000000000011,0.11697542657749072,0.011746796284816292
119,12.900000000000011,0.12012732599976284,0.011774030477866971
120,13.00000000000001,0.12328977836526045,0.011801390867713776
121,13.10000000000001,0.1264606892190776,0.01182888927938113
122,13.20000000000001,0.12963947111768848,0.0118564992523083
123,13.300000000000011,0.13282440521091576,0.011884216974693421
124,13.400000000000011,0.13601481977637953,0.011912013143678393
125,13.50000000000001,0.13920889015954696,0.011939908958423666
126,13.600000000000012,0.14240602336914732,0.011967864440753217
127,13.700000000000012,0.14560499158933427,0.011995875729878685
128,13.800000000000011,0.14880477830659178,0.012023930174141582
129,13.900000000000011,0.15200412480341985,0.01205202030927336
130,14.00000000000001,0.15520223607540418,0.012080144423514893
131,14.100000000000012,0.1583986260471959,0.012108280835476366
132,14.200000000000012,0.16159147284430997,0.01213640922312456
133,14.300000000000011,0.16478021506237228,0.012164551195925704
134,14.400000000000013,0.16796427158949534,0.012192664749092828
135,14.500000000000012,0.17114290191290138,0.012220770403157402
136,14.600000000000012,0.1743153043558423,0.01224885076372006
137,14.700000000000012,0.17748025001614476,0.012276863065757529
138,14.800000000000011,0.18063754471854532,0.012304856831114323
139,14.900000000000013,0.18378637217329485,0.012332814339216167
140,15.000000000000012,0.1869259704066515,0.012360685947661886
141,15.100000000000012,0.19005572035452323,0.012388498593110137
142,15.200000000000014,0.19317564313893065,0.012416241104166656
143,15.300000000000013,0.19628376781881895,0.012443912407579884
144,15.400000000000013,0.1993809261876729,0.012471501498175955
145,15.500000000000012,0.20246646770188992,0.012498985793755461
146,15.600000000000012,0.20553883487104274,0.012526390070684255
147,15.700000000000014,0.20859865660274313,0.012553693948146868
148,15.800000000000013,0.21164506807113614,0.012580896567282885
149,15.900000000000013,0.21467769657282876,0.012607991156574364
