ur,eta_max,xi_max
1.0,0.000353673693785396,0.015662594956106002
1.2,0.0005127911962626817,0.021530217344754587
1.4,0.0006646232823250761,0.03014409906019155
1.5999999999999999,0.0007987975917256515,0.04120048973563752
1.7999999999999998,0.0008646467742457614,0.05494918754930747
1.9999999999999998,0.0008127697986195503,0.07233826724415361
2.1999999999999997,0.0006482071950617979,0.09395912762080037
2.3999999999999995,0.0005207732259012859,0.12024118385430885
2.5999999999999996,0.0009706472002223021,0.15201089107114352
2.8,0.0019258958706517282,0.19180174108762804
2.9999999999999996,0.00337757570119962,0.23939317822670958
3.1999999999999993,0.007743938899255065,0.346467076847947
3.3999999999999995,0.011776660614059298,0.43815916436698277
3.5999999999999996,0.014750188320102942,0.4748855368740369
3.7999999999999994,0.016206911211573638,0.5016423964636457
3.999999999999999,0.01679977646621128,0.5100582695143568
4.199999999999999,0.016931158268603697,0.5059112382028654
4.3999999999999995,0.016710236645108123,0.49770889772586313
4.6,0.016288426312189574,0.4907938993555837
4.799999999999999,0.015821774344440265,0.48457877639474234
4.999999999999999,0.015207157953320949,0.4761634153752306
5.199999999999999,0.014496385323091387,0.46422276145344876
5.399999999999999,0.013927262684169883,0.44985907045264634
5.599999999999999,0.013483191114375903,0.43503730168635335
5.799999999999999,0.013037745435024228,0.42135531662009906
5.999999999999999,0.012531121769127962,0.4096075614555783
6.199999999999999,0.012007134232555061,0.39992712928793733
6.399999999999999,0.011535437956433192,0.3920449495621159
6.599999999999999,0.011147633201795681,0.3855343817619297
6.799999999999999,0.010836580030249898,0.37999428767708276
6.999999999999998,0.010575471450331553,0.375097955840299
7.199999999999998,0.010337944111594721,0.3706300997312777
7.399999999999999,0.010108707399934858,0.36642283850259405
7.599999999999999,0.009882608105687973,0.36245095170888597
7.799999999999999,0.009661814779245548,0.35865958374952844
7.999999999999998,0.009448141428525458,0.35501731308279716
8.2,0.009240078418013997,0.35151896539369354
8.399999999999999,0.009052698018653382,0.3480889417085479
8.599999999999998,0.008884984143241903,0.344913306848532
8.799999999999997,0.00872852859908857,0.3419170478326678
8.999999999999998,0.008586435318945096,0.3390303829652809
9.199999999999998,0.008456493924131392,0.3362949131837687
9.399999999999999,0.008346477439114208,0.3337070808218622
9.599999999999998,0.00824172262940892,0.3312654810825829
9.799999999999997,0.008145371892052555,0.3289818793652301
9.999999999999998,0.008062407452019471,0.3268187934546736
10.199999999999998,0.007979760929892166,0.3247815392245123
10.399999999999999,0.007906557239024892,0.32287797100077986
10.599999999999998,0.007837202306234747,0.32108086582676787
10.799999999999997,0.007775037388539907,0.3193789909599381
10.999999999999998,0.0077153525455089245,0.31779970338832464
11.199999999999998,0.007660911334346654,0.31630515812813187
11.399999999999999,0.007608346328591864,0.31489550320876114
11.599999999999998,0.007559615642894979,0.31356605668515464
11.799999999999997,0.00750582487858642,0.31231054550354853
11.999999999999998,0.007462237209196143,0.31112938537256873
12.199999999999998,0.007417758287587617,0.3100138775970855
12.399999999999997,0.007382342235254136,0.3089595197372021
12.599999999999998,0.0073453825368163805,0.3079553968405846
12.799999999999997,0.007311693929386465,0.3070080368635353
