ur,eta_max,xi_max
1.0,0.00036929205790057346,0.016472317234168855
1.2,0.0005499585735807382,0.021059375857515047
1.4,0.0007154135082764121,0.029556230440504115
1.5999999999999999,0.0008984456387306633,0.04096170061356467
1.7999999999999998,0.0010610669330237063,0.05430520793367048
1.9999999999999998,0.0010992450100429096,0.07180874536665771
2.1999999999999997,0.0009637353113096381,0.09462718259174051
2.3999999999999995,0.001118521173300746,0.11969995027415403
2.5999999999999996,0.0018444522370351518,0.15343236947400976
2.8,0.003196313258401362,0.20034885848169584
2.9999999999999996,0.005692677090377685,0.27118845520366236
3.1999999999999993,0.01122350411907877,0.3793122122926138
3.3999999999999995,0.03391090575006539,0.7395543057680475
3.5999999999999996,0.0419027318603874,0.8510604580155329
3.7999999999999994,0.0461487877424846,0.8859209792947759
3.999999999999999,0.04808334826561517,0.8902892369417926
4.199999999999999,0.047605018154005974,0.8692573358145909
4.3999999999999995,0.047016369536102665,0.8354676065204376
4.6,0.044066749902705316,0.8163251122204199
4.799999999999999,0.04178414192944002,0.7926877098350604
4.999999999999999,0.03806284407633276,0.7385657759368135
5.199999999999999,0.033845551509594674,0.7039864711198348
5.399999999999999,0.030258100435806456,0.690653544426807
5.599999999999999,0.028360554730331167,0.6480967760506637
5.799999999999999,0.02617516265145281,0.6141810771905807
5.999999999999999,0.024249076264381664,0.5911895832291755
6.199999999999999,0.022956724759066516,0.5736000063361749
6.399999999999999,0.021697500632447353,0.5575668854293916
6.599999999999999,0.020329119773376036,0.5414054785999814
6.799999999999999,0.019175773411090558,0.525676071036804
6.999999999999998,0.018221859410412433,0.5105348891396984
7.199999999999998,0.01742195236798527,0.4967596720893569
7.399999999999999,0.016700045824306065,0.4844648272533983
7.599999999999999,0.01601304005487081,0.47364049921906437
7.799999999999999,0.015376922064616272,0.4640839126585928
7.999999999999998,0.014818440500922625,0.4556070385669757
8.2,0.014322078055398091,0.44791576941087285
8.399999999999999,0.013883351997866944,0.4408752239870957
8.599999999999998,0.013478570064864526,0.434311981312135
8.799999999999997,0.013116686050575588,0.42817229265097995
8.999999999999998,0.012772220463791673,0.42235095869888534
9.199999999999998,0.012445737414343183,0.41681701903293455
9.399999999999999,0.012148458563956632,0.4115738819647856
9.599999999999998,0.011871866087604266,0.4065742540403498
9.799999999999997,0.01164709612293846,0.4018325216572011
9.999999999999998,0.011445806568290307,0.3972869675552883
10.199999999999998,0.011279189541143708,0.39272447384064973
10.399999999999999,0.011180850841654433,0.38883123233212974
10.599999999999998,0.011120370421514814,0.3850756532841382
10.799999999999997,0.011117917025093682,0.3814558460568532
10.999999999999998,0.011189448246890166,0.3780105028349552
11.199999999999998,0.011352818865189906,0.37474526231159433
11.399999999999999,0.011619248853810049,0.3716469777586458
11.599999999999998,0.012030552218104784,0.3686794545398509
11.799999999999997,0.01245896439906291,0.36580779757323945
11.999999999999998,0.013165520599785818,0.36301107907475894
12.199999999999998,0.014072505660100099,0.36032746400817117
12.399999999999997,0.015212929338724646,0.3576359137332145
12.599999999999998,0.01656834276661101,0.35488330921723127
12.799999999999997,0.018007074883869656,0.3520330388651784
