ur,eta_max,xi_max
1.0,0.00036560276709693765,0.016265837412903727
1.2,0.0005415866526880565,0.021162039878080505
1.4,0.0007057953793288343,0.029745263800660008
1.5999999999999999,0.0008780559003720503,0.04099811546633358
1.7999999999999998,0.0010158380298709857,0.054506630523596264
1.9999999999999998,0.0010252990888893615,0.07210573559035724
2.1999999999999997,0.000896830362386844,0.09460630625801979
2.3999999999999995,0.0009729631766708935,0.12099129110219962
2.5999999999999996,0.0016361552371622623,0.15578490289870034
2.8,0.0028583344547427614,0.20289196208459317
2.9999999999999996,0.005378603157013884,0.2726278560281244
3.1999999999999993,0.010235857524647202,0.3700758682231499
3.3999999999999995,0.027590402444989226,0.662782820242645
3.5999999999999996,0.034627471000938104,0.7592370105403968
3.7999999999999994,0.03826714805896658,0.7979996991473131
3.999999999999999,0.039748124029593435,0.8001523721254767
4.199999999999999,0.04013136769808501,0.7817538468380506
4.3999999999999995,0.039119452094415474,0.7626641202463804
4.6,0.03691277860012765,0.7500377465564013
4.799999999999999,0.03487660563869288,0.7218854136310878
4.999999999999999,0.0317226663181448,0.6742243146820226
5.199999999999999,0.02850678563941489,0.651731254691773
5.399999999999999,0.026196720085212788,0.6389978417515235
5.599999999999999,0.024540742460936182,0.6077711024157882
5.799999999999999,0.023294175045902588,0.5770023507284663
5.999999999999999,0.02173450659961551,0.5531412474594531
6.199999999999999,0.02036566197288514,0.5356364428737923
6.399999999999999,0.019395898957341284,0.5220394130521382
6.599999999999999,0.018578704465786355,0.5101762564868672
6.799999999999999,0.017735716929919154,0.4989492608721622
6.999999999999998,0.016886203223613006,0.4879587858367422
7.199999999999998,0.01610130712213631,0.47716641286265027
7.399999999999999,0.015437470589228397,0.4668419200533838
7.599999999999999,0.014888344073280768,0.45714662366698156
7.799999999999999,0.014404841261856038,0.4482377349188162
7.999999999999998,0.0139788101879883,0.4400901403311804
8.2,0.013571137320465665,0.4327431325402843
8.399999999999999,0.013197592786640788,0.42615974896502645
8.599999999999998,0.012848590574173535,0.42020687888128117
8.799999999999997,0.012519488014341329,0.41480592205857425
8.999999999999998,0.012226918491415661,0.40989371141002356
9.199999999999998,0.011954641542501365,0.4053891081460381
9.399999999999999,0.011713412117063449,0.4012241322627517
9.599999999999998,0.01148694755552726,0.3973734112285559
9.799999999999997,0.01128117579456589,0.3937452659058942
9.999999999999998,0.011099929064731562,0.3903550494871017
10.199999999999998,0.010931001087798986,0.3871832070926566
10.399999999999999,0.010770788890921867,0.3841437204639066
10.599999999999998,0.010624248640701772,0.3812784359677443
10.799999999999997,0.01048598547837809,0.3785376129069978
10.999999999999998,0.01035532700486419,0.3759378778410154
11.199999999999998,0.010250648166556964,0.3734497210596198
11.399999999999999,0.010131355032376277,0.371060209024136
11.599999999999998,0.01003652733122884,0.3687805262788365
11.799999999999997,0.009961581965448385,0.36660059968824565
11.999999999999998,0.009874502455539336,0.3645016383516693
12.199999999999998,0.009806965255032551,0.3624927923517104
12.399999999999997,0.009774771988350306,0.3605740402114936
12.599999999999998,0.009744826448564226,0.35872616680968217
12.799999999999997,0.009721841560740963,0.3569372389685858
