ur,eta_max,xi_max
1.0,0.00031614778534159657,0.01506847001732432
1.2,0.00042809502917134923,0.0218446055122172
1.4,0.0005175066940287798,0.030285789971404506
1.5999999999999999,0.0005659368034715492,0.04045707556223814
1.7999999999999998,0.0005709159520735987,0.052173634135740554
1.9999999999999998,0.0005503180884944142,0.06490065208533953
2.1999999999999997,0.0005291832569684213,0.0776914589669827
2.3999999999999995,0.0005420905064561499,0.08957749857057656
2.5999999999999996,0.0006164465975265626,0.09992787181112792
2.8,0.0007354785084035809,0.10840762076358927
2.9999999999999996,0.0008672958471711845,0.11496895078067666
3.1999999999999993,0.0009888744836847596,0.11980764409924939
3.3999999999999995,0.0010911013529206204,0.12321829848252441
3.5999999999999996,0.0011726252185546848,0.1255273167584299
3.7999999999999994,0.0012355767629899095,0.12699819228181675
3.999999999999999,0.0012829165243233853,0.12786255403812963
4.199999999999999,0.001318077730450562,0.12828423875602202
4.3999999999999995,0.0013437752804303371,0.12839861071510286
4.6,0.0013624133755792966,0.12830309021371533
4.799999999999999,0.0013759276535214027,0.12806900292575377
4.999999999999999,0.0013854794669742598,0.12773175725573552
5.199999999999999,0.00138914749131408,0.12732384913909955
5.399999999999999,0.0013960805476566085,0.12693069293050327
5.599999999999999,0.0013994475362265613,0.12656221304138032
5.799999999999999,0.0013995488146141266,0.1261495905157968
5.999999999999999,0.0014019095555843908,0.12573425289210594
6.199999999999999,0.001401378934176578,0.1253544269275625
6.399999999999999,0.0014016392313626058,0.12497081067381274
6.599999999999999,0.0014012411683927972,0.1246169716872933
6.799999999999999,0.0013998826204065784,0.12427106766040798
6.999999999999998,0.001398869715500184,0.12394759864726054
7.199999999999998,0.0013977297470948447,0.12364129769077128
7.399999999999999,0.0013965163161805405,0.12335634489627777
7.599999999999999,0.0013952086113206974,0.12308356171111935
7.799999999999999,0.0013940019890683608,0.12282397728815614
7.999999999999998,0.0013924257273951746,0.12258145003428589
8.2,0.0013910669199694858,0.12235175342459624
8.399999999999999,0.0013898563142282772,0.12213635165648942
8.599999999999998,0.001388705881971486,0.1219329765322113
8.799999999999997,0.0013877352632043483,0.12174097227789898
8.999999999999998,0.0013859775706686062,0.12155860772473835
9.199999999999998,0.00138491248658279,0.12138706872479646
9.399999999999999,0.0013839222249882877,0.12122307319178524
9.599999999999998,0.0013831221584601483,0.12106991632965841
9.799999999999997,0.0013828921991152487,0.12092254539814212
9.999999999999998,0.001380767455056331,0.12078609350313158
10.199999999999998,0.00137978971713415,0.12065152807029583
10.399999999999999,0.0013790168096352584,0.1205276667735755
10.599999999999998,0.001378477721771132,0.12040981424607651
10.799999999999997,0.0013776976817121422,0.12029767362334817
10.999999999999998,0.0013765014831523814,0.1201901510861088
11.199999999999998,0.001376052611100853,0.12008750967365686
11.399999999999999,0.0013761504286367021,0.11998974991445027
11.599999999999998,0.001376780264843891,0.11989290951696559
11.799999999999997,0.0013773307454947314,0.11980480099021909
11.999999999999998,0.0013802088413759073,0.11972042085747595
12.199999999999998,0.00138540672099019,0.11963623810684412
12.399999999999997,0.0013907138006059583,0.11955870512115235
12.599999999999998,0.0013982974629431766,0.11948256606926293
12.799999999999997,0.0014114671705880433,0.11941217761915257
