ur,eta_max,xi_max
1.0,0.00037049353419378594,0.01654630740333053
1.2,0.0005528229025316203,0.02102820327790553
1.4,0.0007191685765921135,0.029468776142268647
1.5999999999999999,0.0009046588116882748,0.04094881545283866
1.7999999999999998,0.0010779748329124705,0.05424211394636909
1.9999999999999998,0.0011275657642068615,0.07165967502566327
2.1999999999999997,0.0009836609660205664,0.09463842172815762
2.3999999999999995,0.0011700029503728948,0.11910583118992589
2.5999999999999996,0.0019128446933923543,0.15211438653024262
2.8,0.003360882344535715,0.19820518538857204
2.9999999999999996,0.005993328376847212,0.268331996239247
3.1999999999999993,0.011516016092868592,0.38270087228006244
3.3999999999999995,0.036104845176815226,0.7644803085714037
3.5999999999999996,0.044594328416082796,0.8807058877777524
3.7999999999999994,0.04877804538649694,0.9143810337769892
3.999999999999999,0.05085780496458259,0.9196199988091651
4.199999999999999,0.05049460266033723,0.8994955673172893
4.3999999999999995,0.04967087956705962,0.8618511219713408
4.6,0.04668033555127793,0.8393368119568663
4.799999999999999,0.04416354468234707,0.8162750794799863
4.999999999999999,0.04026189845118844,0.7595563635367997
5.199999999999999,0.03570729519850746,0.7228365470565613
5.399999999999999,0.03169126907566844,0.7071139939661111
5.599999999999999,0.02962617152963365,0.6604786043033855
5.799999999999999,0.027051827111143845,0.6272245481373081
5.999999999999999,0.02524213700108935,0.6049006394265691
6.199999999999999,0.02382757233972721,0.5864140466739328
6.399999999999999,0.02221611995852335,0.568183857710341
6.599999999999999,0.020820773961132577,0.5500341849584788
6.799999999999999,0.019666477459859832,0.5323902764577233
6.999999999999998,0.018702092598593012,0.5162949014635808
7.199999999999998,0.01782443214933571,0.5020902798335793
7.399999999999999,0.01701053623986226,0.4896960537912917
7.599999999999999,0.016256595674256857,0.4788201425498478
7.799999999999999,0.015607854214473749,0.4691580839098238
7.999999999999998,0.015036082880228507,0.46036407570927795
8.2,0.01452024416363229,0.4522091617596316
8.399999999999999,0.014038728958051472,0.44453683443419445
8.599999999999998,0.013599346219142161,0.4373173202326019
8.799999999999997,0.013177871510369643,0.43043657848507505
8.999999999999998,0.012813331130162142,0.42391116054390726
9.199999999999998,0.012475599056760656,0.4177105817354085
9.399999999999999,0.01219655112370499,0.4117888205888736
9.599999999999998,0.011974542290825285,0.4060241828057552
9.799999999999997,0.011805608800880663,0.4010308977125738
9.999999999999998,0.011731984684125507,0.3961723891490968
10.199999999999998,0.01177247974179707,0.3915278335453667
10.399999999999999,0.011888272880643758,0.3872716439563252
10.599999999999998,0.012162273653701483,0.38317605533598914
10.799999999999997,0.012643009334857513,0.37937664046905695
10.999999999999998,0.013458508633696908,0.37566510344027915
11.199999999999998,0.01459823728584464,0.3719715402772506
11.399999999999999,0.01618234637317384,0.368241050119235
11.599999999999998,0.01789614329188227,0.3640055361533199
11.799999999999997,0.01947949210141564,0.359482396459446
11.999999999999998,0.01977072552838388,0.3538412288846139
12.199999999999998,0.01788393674429667,0.3479156896767891
12.399999999999997,0.01462316113935902,0.34182279808636623
12.599999999999998,0.011644680175147748,0.3364839469655719
12.799999999999997,0.009776554191144982,0.3321398777134457
