ur,eta_max,xi_max
1.0,0.00034339093859535666,0.015374274444234236
1.2,0.0004884742165942105,0.021748938238167894
1.4,0.0006240231847627412,0.030357813955331166
1.5999999999999999,0.0007260541597272768,0.04129480029772596
1.7999999999999998,0.0007544483013863443,0.05487779264244174
1.9999999999999998,0.0006839773458765519,0.07156863838077168
2.1999999999999997,0.0005154552936578183,0.09151696614892803
2.3999999999999995,0.00023030304491396258,0.11434764479908831
2.5999999999999996,0.0005014344205711008,0.13991228872450429
2.8,0.0011136402016833635,0.16808555053515117
2.9999999999999996,0.0018057320855874859,0.1975573849066194
3.1999999999999993,0.003898588494741062,0.2569235647966615
3.3999999999999995,0.005309800591055264,0.294621656114384
3.5999999999999996,0.006537576352171143,0.32073979645892814
3.7999999999999994,0.007290525238083934,0.33618683476512107
3.999999999999999,0.007736443200425214,0.3424150879279997
4.199999999999999,0.007966105363324483,0.3426524463684566
4.3999999999999995,0.008048903256975992,0.3392048431038861
4.6,0.00802304936256043,0.3337251057446191
4.799999999999999,0.007908697805780185,0.3274957672622149
4.999999999999999,0.007726585098332628,0.32136121585048427
5.199999999999999,0.007512820017342325,0.3157682721712011
5.399999999999999,0.007303994571945416,0.31084765480090787
5.599999999999999,0.007126231833037511,0.30657193946020195
5.799999999999999,0.006973810959757687,0.30276807153774704
5.999999999999999,0.006840257559473262,0.2993190483997512
6.199999999999999,0.00671655389023873,0.29610759698922984
6.399999999999999,0.006592964548293501,0.29307849633007216
6.599999999999999,0.006471573549086784,0.29018242805767663
6.799999999999999,0.006347087139784158,0.28737917161903526
6.999999999999998,0.006230626607549472,0.2846758489135497
7.199999999999998,0.0061099164103266546,0.28207615596353997
7.399999999999999,0.005996536398366836,0.2795413973626498
7.599999999999999,0.005902755890519584,0.2771418202015047
7.799999999999999,0.005814872682369021,0.2749083418788616
7.999999999999998,0.00572947885391506,0.2727466747354974
8.2,0.005664215380204896,0.2706980497326241
8.399999999999999,0.005604157448642733,0.26876307725421344
8.599999999999998,0.0055404697164462835,0.26694507452208166
8.799999999999997,0.005491382214885876,0.26521762291549844
8.999999999999998,0.005443877625229465,0.2636078861419203
9.199999999999998,0.005398020769149969,0.2620834345270268
9.399999999999999,0.005358022311487298,0.2606530815802961
9.599999999999998,0.005329072783222033,0.2593046133860097
9.799999999999997,0.005302860812512522,0.2580441906635538
9.999999999999998,0.005277717829904827,0.25685480635183516
10.199999999999998,0.005254582019718734,0.25573219377056183
10.399999999999999,0.005232932254711331,0.25467588716024625
10.599999999999998,0.00521156783784571,0.2536894053749758
10.799999999999997,0.005195954021585347,0.25274287419433394
10.999999999999998,0.005187385591708615,0.25186950935375285
11.199999999999998,0.005183877292849193,0.2510323571067986
11.399999999999999,0.005175617086817574,0.2502289261790234
11.599999999999998,0.0051622045636721126,0.2494853782269561
11.799999999999997,0.005169914506079287,0.24878415979673169
11.999999999999998,0.005171642318979153,0.24811889034733148
12.199999999999998,0.005161419231257902,0.247487973909874
12.399999999999997,0.005179695312918842,0.2468869169227361
12.599999999999998,0.0051791125814273364,0.24631429409577055
12.799999999999997,0.005190000271511508,0.24576840216220652
