ur,eta_max,xi_max
1.0,0.00036308668157259555,0.01611179161186821
1.2,0.0005355809626683555,0.021245622806111097
1.4,0.0006975501746429233,0.029856272077995454
1.5999999999999999,0.0008630375990160144,0.041046641453866196
1.7999999999999998,0.0009826972279622093,0.05463047693752107
1.9999999999999998,0.0009748419283564513,0.0722405992824403
2.1999999999999997,0.0008425607445978617,0.0945967881553646
2.3999999999999995,0.0008668924878505319,0.12147394435912588
2.5999999999999996,0.001482738914976925,0.1562356981785838
2.8,0.002640036303377974,0.20275599953863604
2.9999999999999996,0.005070027690038698,0.2686963185641929
3.1999999999999993,0.010071700050565568,0.3729660118277977
3.3999999999999995,0.02322378367096095,0.6024402317164955
3.5999999999999996,0.02978361895545656,0.6949096857986098
3.7999999999999994,0.032604051492617026,0.725867653684438
3.999999999999999,0.03431958281033742,0.7301380226685701
4.199999999999999,0.034546086655873165,0.7208936540952302
4.3999999999999995,0.03308307131801469,0.7116958422812278
4.6,0.03184769190642256,0.6975102675882571
4.799999999999999,0.02951723414613361,0.6637952398259817
4.999999999999999,0.027001636043510135,0.6249429285987388
5.199999999999999,0.02483540229704284,0.6128013098780504
5.399999999999999,0.023177970057852826,0.5981071608733494
5.599999999999999,0.021808877466617638,0.5727232832090255
5.799999999999999,0.020860858339768362,0.5464334864330075
5.999999999999999,0.01974418309450998,0.5242790478579308
6.199999999999999,0.018553996810993123,0.5071779527994009
6.399999999999999,0.01759315277115492,0.49407047956606365
6.599999999999999,0.016880021087286146,0.48345709378464613
6.799999999999999,0.016272759254878144,0.4741332291512418
6.999999999999998,0.015669462441536774,0.4653973203222881
7.199999999999998,0.015050908838604604,0.45693265467185584
7.399999999999999,0.01444561836093472,0.44845713054862973
7.599999999999999,0.013921611249251287,0.44076279580971683
7.799999999999999,0.013458909585840617,0.4331722196567508
7.999999999999998,0.013067550608325984,0.42602306397031514
8.2,0.012722482796739598,0.4193658034564726
8.399999999999999,0.012411359023039914,0.4132276430396574
8.599999999999998,0.012132767364552821,0.4076029475407964
8.799999999999997,0.01187410597971672,0.40245074345304577
8.999999999999998,0.01163042266743175,0.39774508750438126
9.199999999999998,0.011401112542996028,0.3934355202484966
9.399999999999999,0.011185623564836877,0.38949715190893586
9.599999999999998,0.010984849727965207,0.385865121173546
9.799999999999997,0.010797935747477672,0.38251480685399064
9.999999999999998,0.010618549294107105,0.37943341541545605
10.199999999999998,0.010465278944103318,0.3765627766576948
10.399999999999999,0.010315743726243998,0.3738939604631534
10.599999999999998,0.01018073776380568,0.3713978403222744
10.799999999999997,0.010057604265235387,0.36904667856797035
10.999999999999998,0.00994228829244026,0.3668502799467476
11.199999999999998,0.009838475547367498,0.36476481689862905
11.399999999999999,0.009743840171679619,0.3627834341176653
11.599999999999998,0.009649766363783119,0.360909685941562
11.799999999999997,0.009567422422815941,0.35914491540562676
11.999999999999998,0.00949058336534625,0.3574588582372614
12.199999999999998,0.00942333810993512,0.3558411233768812
12.399999999999997,0.009360946755003319,0.3542846878717088
12.599999999999998,0.00930227975469533,0.35280315386171546
12.799999999999997,0.009249283211810955,0.35139226867963846
