ur,eta_max,xi_max
1.0,0.00037161347117850574,0.016604298472573126
1.2,0.00055514379621531,0.021007815475887447
1.4,0.0007221355342388464,0.02938446762535082
1.5999999999999999,0.0009089875776795917,0.04094251174944819
1.7999999999999998,0.0010893812126418281,0.054179339800567036
1.9999999999999998,0.0011513637235588958,0.07150484676681021
2.1999999999999997,0.0009986790521680222,0.09464201244311074
2.3999999999999995,0.0012123559746779894,0.118501520631065
2.5999999999999996,0.001962112855728379,0.15067447670880965
2.8,0.0034932836786090715,0.19553730235375671
2.9999999999999996,0.00643932157524349,0.26448181399437926
3.1999999999999993,0.011885931669283506,0.3861955692571184
3.3999999999999995,0.0380726447622744,0.7832789634707643
3.5999999999999996,0.04673844749580047,0.9041684968129486
3.7999999999999994,0.051027714424225934,0.9374764750528802
3.999999999999999,0.05306126494236324,0.9429045838409637
4.199999999999999,0.05291139009279555,0.9237500195985072
4.3999999999999995,0.051812560412557884,0.8834738337201455
4.6,0.04883592043584439,0.858190064301063
4.799999999999999,0.046104097677745814,0.8352054491373957
4.999999999999999,0.04204417573957209,0.7760397065589808
5.199999999999999,0.037203405965374525,0.7385726920758418
5.399999999999999,0.032874463519841135,0.7194883026228307
5.599999999999999,0.030545197456647633,0.6702383186186115
5.799999999999999,0.027797572714022722,0.6382817157051824
5.999999999999999,0.026075105215184302,0.6161402462075762
6.199999999999999,0.024418906575362498,0.5961873506205911
6.399999999999999,0.02267408828878481,0.5758899855290747
6.599999999999999,0.02122180967886189,0.5557288498225459
6.799999999999999,0.020072181859634552,0.5370215324993728
6.999999999999998,0.019039880059081637,0.5205630857223157
7.199999999999998,0.018068889146656053,0.5062980332473183
7.399999999999999,0.01719709488550447,0.49387943386410776
7.599999999999999,0.016440186603164486,0.4828659484274057
7.799999999999999,0.0157746235797791,0.4727921678315235
7.999999999999998,0.015168251746504602,0.46342031261211997
8.2,0.014607613684676446,0.4545349192937885
8.399999999999999,0.014080204624108195,0.4461330932598139
8.599999999999998,0.013601244075634566,0.4381389060609113
8.799999999999997,0.01314261837149644,0.43054775597192974
8.999999999999998,0.01282855539602834,0.42320268293883256
9.199999999999998,0.012552198144366589,0.41673934987550554
9.399999999999999,0.01237178674545203,0.41048262019182813
9.599999999999998,0.012326611414950506,0.4046809611452594
9.799999999999997,0.012416573823828214,0.39929446009923264
9.999999999999998,0.012654602665777448,0.3942740319194412
10.199999999999998,0.01325167735380317,0.3896359244470738
10.399999999999999,0.014297173334298918,0.38507908515226746
10.599999999999998,0.015939630440013897,0.38027791800096844
10.799999999999997,0.018028609052928246,0.37493895116823983
10.999999999999998,0.019483784774831925,0.368680872764113
11.199999999999998,0.018064596631478747,0.3607313391674244
11.399999999999999,0.013971536718098143,0.3521424584755411
11.599999999999998,0.010667846605366904,0.34470383929861215
11.799999999999997,0.009101585202706097,0.33948126078377205
11.999999999999998,0.008360617554124872,0.33577464438448335
12.199999999999998,0.007995320690498797,0.33256762362038106
12.399999999999997,0.007770144276708635,0.33014617089290554
12.599999999999998,0.007628569245794914,0.32801913058216464
12.799999999999997,0.007530084197898468,0.3261052558972871
