ur,eta_max,xi_max
1.0,0.00035933954357078926,0.015911402987982434
1.2,0.0005268377737033397,0.02136501704356083
1.4,0.0006848511919818959,0.029984091636636893
1.5999999999999999,0.0008382695972731641,0.04110193645572126
1.7999999999999998,0.000934694667204479,0.05478612051295455
1.9999999999999998,0.0009067934185416626,0.07234869330282812
2.1999999999999997,0.0007617715740451947,0.09449283154358515
2.3999999999999995,0.0007222450277154097,0.12153798241932959
2.5999999999999996,0.0012745126403973517,0.15563060386932462
2.8,0.0023911277693424993,0.2002881982817185
2.9999999999999996,0.004448304329200098,0.2591033103479133
3.1999999999999993,0.011008703885562188,0.3899680868418841
3.3999999999999995,0.01813245054890411,0.5238829873608909
3.5999999999999996,0.02232585190598335,0.6169935674788039
3.7999999999999994,0.024549559489868034,0.6431063291919992
3.999999999999999,0.02593530102976238,0.6493322002917468
4.199999999999999,0.026170913085282355,0.647896510658608
4.3999999999999995,0.025776617987213035,0.6369929432503133
4.6,0.024218889125560694,0.6104045850125013
4.799999999999999,0.02270706565209013,0.5791564501123255
4.999999999999999,0.021342894318495897,0.564593610967429
5.199999999999999,0.020352189250941066,0.5550426135718908
5.399999999999999,0.01917903128906573,0.5392748597176305
5.599999999999999,0.01822963187280091,0.5193786900387578
5.799999999999999,0.017536891447046288,0.49886084289157523
5.999999999999999,0.01679131157631719,0.4807180473391873
6.199999999999999,0.015946455861288844,0.46592711754822774
6.399999999999999,0.015157543804932283,0.454243709959616
6.599999999999999,0.014528183053436172,0.4449033503933265
6.799999999999999,0.01404119104319812,0.4370895868253767
6.999999999999998,0.01362566033885293,0.4301562473578879
7.199999999999998,0.013230278826871444,0.42378925361355396
7.399999999999999,0.012834138372982418,0.41772638150794955
7.599999999999999,0.012441182675024365,0.41188437610064965
7.799999999999999,0.012065609811660938,0.40618607123301514
7.999999999999998,0.011722211411880012,0.40060658440760477
8.2,0.011404424000217572,0.39556802041665357
8.399999999999999,0.01113593789041456,0.39063252493587763
8.599999999999998,0.010893888128380214,0.38598341432869415
8.799999999999997,0.010682480289287977,0.3816227628659032
8.999999999999998,0.010490825237242873,0.3775522286888746
9.199999999999998,0.010316931084676684,0.37375903750103323
9.399999999999999,0.010158250906156852,0.37023526406692864
9.599999999999998,0.010010742921208626,0.3669604891445222
9.799999999999997,0.00987243464368337,0.3639234916279059
9.999999999999998,0.009740462219228085,0.3610894012539392
10.199999999999998,0.009619401626296487,0.35847607632523343
10.399999999999999,0.009505133297988966,0.3560358374005819
10.599999999999998,0.009394602711587208,0.3537542453909559
10.799999999999997,0.009291857259605685,0.3516426514993256
10.999999999999998,0.009198233417149648,0.34966712545440576
11.199999999999998,0.009101247017582192,0.3478066029913393
11.399999999999999,0.009015829619613225,0.34606085559955085
11.599999999999998,0.008936999896488107,0.3444297360379865
11.799999999999997,0.008861522780394537,0.3428989984654486
11.999999999999998,0.008787390160423847,0.34145564709381954
12.199999999999998,0.008724618743989776,0.34008018269334717
12.399999999999997,0.008665956665682817,0.3387684487312822
12.599999999999998,0.008606184574776687,0.33756871393134413
12.799999999999997,0.008550420285421634,0.336410852458396
