ur,eta_max,xi_max
1.0,0.0003677348245215914,0.01638212419198135
1.2,0.0005463311433132716,0.02110265288297602
1.4,0.0007111641037686536,0.029647793882749636
1.5999999999999999,0.0008894816953514753,0.04097919644930183
1.7999999999999998,0.0010411910153365206,0.054385057379939435
1.9999999999999998,0.0010666390478055454,0.07196566161715633
2.1999999999999997,0.0009338493577979445,0.09460090379563714
2.3999999999999995,0.001054963860779079,0.12035272763807628
2.5999999999999996,0.0017559950702311367,0.15475294915727353
2.8,0.003036435927422698,0.20200495549109238
2.9999999999999996,0.005531320128192185,0.27296850713533855
3.1999999999999993,0.01084602185032199,0.3753637928136814
3.3999999999999995,0.031126214614079384,0.7066407135330621
3.5999999999999996,0.038514524399567485,0.8119858084692951
3.7999999999999994,0.04286022268049733,0.8490344431866146
3.999999999999999,0.04445134387410565,0.8520272457778386
4.199999999999999,0.04418229645376892,0.8308652547370883
4.3999999999999995,0.043636916180136875,0.8030016026792208
4.6,0.0408664774320362,0.7875424894566717
4.799999999999999,0.0387915076161206,0.7624345776818753
4.999999999999999,0.03528874014352201,0.7111273956249549
5.199999999999999,0.03149044289547376,0.6808901709141713
5.399999999999999,0.028460639170346247,0.6686333118936418
5.599999999999999,0.026686277355913335,0.6314634792012429
5.799999999999999,0.024997247118749066,0.5981776689453941
5.999999999999999,0.023125985129728188,0.5743672903636406
6.199999999999999,0.021794565298643986,0.5570272926326831
6.399999999999999,0.02076414014072514,0.5425544441415813
6.599999999999999,0.019693837859529828,0.5288511642443285
6.799999999999999,0.01859487747205857,0.5151771194347056
6.999999999999998,0.017629629813550762,0.5019023465392177
7.199999999999998,0.016838123567060048,0.4892223581278387
7.399999999999999,0.016179590609335825,0.47750861360823327
7.599999999999999,0.015583384245337673,0.46694211231816324
7.799999999999999,0.015031663465777445,0.4574665508228421
7.999999999999998,0.014518140071105634,0.44907123164777396
8.2,0.014038493214372227,0.44156289796553105
8.399999999999999,0.013613052612456489,0.4348308115991027
8.599999999999998,0.013226622816317812,0.4286999965780933
8.799999999999997,0.012887761370889983,0.42306802928602
8.999999999999998,0.012576279732950502,0.4178365094780937
9.199999999999998,0.012293411442006796,0.41294405105788423
9.399999999999999,0.01203050203299294,0.4083695002980352
9.599999999999998,0.011783124622811059,0.4040168103801292
9.799999999999997,0.011563910954394796,0.39989181958286585
9.999999999999998,0.011352914938812297,0.39595521962796415
10.199999999999998,0.01116287006844452,0.39221002859336485
10.399999999999999,0.01098731531232211,0.38864708553034094
10.599999999999998,0.010838761459575519,0.3852403143121683
10.799999999999997,0.01068615686227492,0.3819631951246121
10.999999999999998,0.010553922044866049,0.3788225680899286
11.199999999999998,0.010502745659805246,0.37590053402281387
11.399999999999999,0.01045566003966103,0.37302026304563146
11.599999999999998,0.010408937930371565,0.37022692916473754
11.799999999999997,0.010457082360023406,0.36779017906242945
11.999999999999998,0.010484536724791216,0.365277059308857
12.199999999999998,0.010615394909625042,0.3629791314591261
12.399999999999997,0.01074230617816907,0.3607289548427862
12.599999999999998,0.010977410069882065,0.35852808263852054
12.799999999999997,0.011247722753132017,0.35655611774310836
